$ANSIBLE_VAULT;1.1;AES256
37613434343434623736636430353336653464356165306131333064333262643762663437396366
3363636136666464653835633864636537383733643531340a356635663265653362383734663337
63626235393834346463373338323236353732306435313932356537326561383031383838663538
6362303261626264630a393133633765636662393630393336646530323733303435316336366263
65386530346430306336633363366535343863323061376132353063366562306330663436656564
38353230366562393932313931356631343338653563323336663465333232363330386435643063
62346539306261636131323961346531653662393637643839636637383262666336313836653433
62303464393434383632303735373737613336373032363637626438383364623765326334623163
33386635663634313031663838373732313665643032633739363132353135363933633831326438
62396331633833366633303464316435663939643736336135656436623263623663316136633236
63353466663466653239636333646466343861393539643637653361346631343565303462643566
66383039333232636564663237653334633830643164306336323463356234366561316337656139
30313530333039616661313364313331666532333434346130333536353730636166343733313534
30366434356233323034373366363731663266306135373965333737636365316234383465363335
30323636353862663038373535643934366336313938346463316362303264343362326430316164
64623064343263316339343834653730663039323530383533396136313933333962656137396234
39643962346261373364626361373762396139313631363430623532623962323334363736333830
37373663386232636233393363376330626431366163336139623132616437393138326430643863
37633633656333646234343130376362333830653338646461306238393963346436643664626434
36346662383261386366333561383561623765303064303235316638343536626235643133626331
65363361646266333264343730633838663037313634643664393232316538653263646165366664
38646334613431373363333430623731373565393437353236366132386433313636353435363761
38316635343964653136336334376665646561616364643536373938353861316434383866646632
33376538663534643436626163643763343335316163633062393963393538656337613731663033
35353133393664333737323930343130306133653465323137653832663463336135636265376561
30646332396130616462643361303864366534633536663961333736346163393334663135316231
36323063396631313237353366623961663839396531666331663465303034623439616130333134
61333165623538616164376239353233373635376236386234323139313138663633656361353133
37373030323865346534326264316430396435633765373638663539386231303136316661316331
30633165353336656130303236303931653030323465353636643765663662313364343230636238
64326632346264373831343837363865313166326634323830633861663262356635396230633365
38346366633165363736313734646239303030303163346238323636386462623966316664643664
61616330656632303965656362613164613833633963353639373965633535646434653532333034
62316133356336383235623164616261323662343336323836306538376335613539356464666663
62333065396533626233653338646365653238653235333830313661323561373466613264353237
62346332613265373165353961623439623031393231363537396165333664376135353539623630
37356231623064373363633134306332613765663831656366663239646539353138393635653864
38666539333738646566616161346430636539303838353639313963616332656634643031366431
34303838323137373232386539633361376638363962653063373530346138666266366162663662
31333363633830623262666263356566616566333362306133626138633231343136396335636231
30643635336130613433386631623565363166303834623330613930376637383639393639666263
34323332343933623136373664663066353864616137653633663262393938326530363035333832
30313334373631316232373839356664353334346434623135373937306264316561623062343130
32646161663337353263346364653264306134623165613962383161663737303435656464373962
37303761306264326533356434336164353935623335643231633133383637383061363636343264
63336638633632366164666163333264613332316463646531313464313735323832306135383363
66633262336437363634306265346233643239346535393361623837383933343939343332623938
62383238373261663066326665633638346634616536616534356462323666613131633865363930
31646337313530663933333136366236396537313034303638346134623966653739633335656639
32363064356564303837653863626234356337643361303965306434613235656665313537383033
32313836613334303233613331656238643636366630623935313537613761646338336430356631
66323830366266666638646237343334653934363534623831643631386332636330666133336438
64336231343638373963363531363332323962373137363031646535623562666332336462343330
61613764656663356434333939306530366136393833626264396637643738333163356435363831
66636632636230376639646563376436323366356565623233643463356139363435346339633366
63383932303766353665393965646639633139363534626632393563363562313135626130383261
33653366653838613762373631343332666432346635363438643934623435303238623565306330
63336535356636613436336236303633393961306633343731616264636634333561346261303732
65353031376565333962353663313438646466333339646533366337613961346262303334363063
32313034613131356161323962353061326363303832306436323265323363366632383032386363
61363262376263306261636361343535383435373733613738303138333135363533613430373038
30623266323533303662363031633563326630653461353031666566396238666234653230643166
64616330623331393263663731653838613063323239373934333661316332396530663737663362
61653933633738333266326237653435313966646137386663616265623639613633306230343865
62313666613135396365386531396433623364653933393530376338373061353065303964646330
62643766366534316465366131666166653635313935396561613032313261356236306562613162
63346335333339636565613561306533643064663464336638616337353833353462646465356261
66613438373437663731366132326630336631336130326336313830366639646163626161616166
33623437626634393263383763366638663331613837343863646162643338643535333334396136
62336636306132303636663363363436653961346431613463363235343363373135376232373538
36333464373962383965306334656334363837633338613762633830316635633066626434633132
63613431333463633765373430323631363131623638623164383861663761363163353861303463
66613731396665393733323536336165313734643838363637623933386537613034616631366461
62633237323138323166353736313934316661356438386336656332643437636137346461333931
35653430373263393734383637393234376430313365303064303764643665306134373866303838
64613839393435613465366138393066326339663566333065373833386466623365373064313030
63323631626265663637643866656337663532343031616466623862313436303733653433393832
31383362623133376237316665373131643339633735333538316662303966323365356365636331
36336435373536303363646636393435303836393837636265343664646332343430353730323531
34386364393434613561376364356436396364393766616264363666346137643564386430656439
30636538343563626161363361363864356238326233373064393135363966663466666463363837
63383834643766626566666530616361303938393663323335653736353336333763636565653165
38633032623436653366643538653535613038656331386131623836303231636166663635323564
30313365333737333034616338323062383466636131376236373731306361306262616664303265
31376462623738316633393730363237663264303431386365343263653030303263646366633864
38333833666530663030643763393437396538323634396365323938663066646233623039323431
39386633343136383033393364663438356361653435656163626335303131646564313361613831
30663661396330316436306231343530626666643961633363326532623630333365363133306230
35663939346462636264633631396439653964613064376339393235623361336662356465346435
31666433643866663632363061356635613162303962363039316266306431333234326638623033
39656166663165303632623236316439306236636433353532393463653239333964353031653865
66623035616537313762376535313637303138653631346139623531656133633738343932396464
64353464666336303163653736646162313262343537333036326630666638633861376235313536
65386535313763323838363534323930393639323936313666333935356466653437316663363935
36653336373631613162666235333565326561393735663066643632633337343637646437306337
35663835663138666430656534336436346236623431396264353063333935643639373330323833
63393466626362323266643363626165303537383034623833633139376536303663636333336630
30306339303431666535373237353232383330313033666163346236663530366163396631363965
64643635646264373837616631313464363831346634356233306634393164346462303338396264
64346538343836333231306639393266636231366338626566373239356432353962666464366262
64613163623462313236653338383065316561313238303062306264646332666563666238376439
35633632356566373263623461383765393239373566643663313566303139623534346265633431
34616232393838393436333161353162636636323236636539343033376537613464336631313135
35613935643766623033323439633833326666333761616363663934393666316533336433323935
39393563363965666531616531313862653562633139663666613166393765353431346239666330
34366534313830376535356265623832633133656262623133303134316666616330303661393039
34663236383030333032663337623934616231653430393563353636643338386461613434643636
32646464626363303161393361613531343733356135633866363437663532353831633262323039
66306330393662373838653062623663373830363062353937373565363934393536616665336536
38613137343237613066313765396465353435386439663530373831343932623236386430313164
38386135646231303737656133623733323832316634373564616337616563663562316535323061
62643035633561363531333538623830643237613163336162383139353836313861623364306133
66343562626434663932323364373934316436653231336561623235613334343930343363643834
62373565636232663065383062343863393739373662646164636132306661333864396535373738
36613262353232396362643633313934356131643330313034636461613638643131386236366362
31396363653932316532303139393937343264386337616365393536643364366434393930643930
65323461666563663564666438333238346539366535616238303162613866333463653136336436
35653866363862613364356238623765383433346264643937386164633933326534653339353834
63343733663964646639336537643130313061373562663832613333336566346234393036343638
37386235653237636137313461373730646663616632646234316630313163356138353035336132
34666565623061393763313433616664666366383539366633343236303165376138303565343066
66623962663863383330393936343636653866376362356566623834376532633866343262343935
39646337383965653163616335386562366265363534396639653238376332373534396637653839
65656363373030653863663331353237323030613637336163623263383963323664343764333962
32353061323665663834326466383938623431613332313730306634363165636232306330643139
31393630363665646565626133613964353539393038656530666431306333336261643535643364
32393665366363333035363839343761623433666636633439363330323730306639353933343739
30373865383735363438306462346462653630643534316637396232623363326565363639316261
39346162646361306631343136386239656565313137326133343134653931626438356138643762
63613662656331346533326363343336333934646538646331626637386237306335626663356465
33343535663335376165656663333561613364656461336431636663323538663537363563316265
33333962373937363063346664383662383633613832323836623639353634323366633837353931
61303135643734373763356637396665626433643835343666356334613036323964656436366237
62653932303932663863366639353832623461353532386331326531656439353139633337366230
34383235396562383230336663616438306434653235346662363031396439373038613335366665
30643861623437653238
